$ANSIBLE_VAULT;1.1;AES256
34663966373663346364303430623536346361326537396133356430396236393331346461643463
6535396635636430663264313034303331333961333137640a626231366665663430393136633430
37336662343935383238613961393637343538336566303366353061393237383564643263613235
3931306261366466360a393731623734383966373334633964383338386437636531643031333939
31343664353562633837633863666164306635313965356464373631666561346263613330383434
37326338373838633261333334613862393130393961343930353639653339376139346236313461
62633736386635353832393062336664373363353331343533356337366138383132373330323238
30353630336330383039383236613966346637653930383133626363653839306531663238303530
32623961356634343265666138633562396337376365663964386238303235636665636537666663
33336165353532343530613534373732343663613366633932303666306261396263626361353831
37366436643038326532303237636237353565613263323335666333336639336665646561633735
37383361653136363661626139343864343939356664386639396436376535386230333034656534
30326261343037346631643230653066326566313933353538663632353735633866656533333136
39643166366161646335396238353939343731323733383034643664623138313264326264303533
66643864363966393264356162656666623432343838353839303738343566613532363537613165
61366338663861376361666634376436666537343133656163666663646162316437633138626162
66616433623461346564616534316436306534306464386136356566303562313632396334396434
35373862343965326631623235636462356366666563323733373762386562616465323262643533
30643731623834386530376666613164393036653364623738656637633662376237393061353732
32333137313832313439393862646135326566623830396362313262616236656563613539303330
62386639656438363438356335363231336433633535303130653034323466363837396162313064
35623730333063393366653334663564343161373031663437643165383262653235633465643537
64333162393865626639306361303363326138653061383434383064383830616265363336396430
35333865353930646162663531393630396237363731633732383463363136656264636561613734
37346639663433313362303963316565323738386163326462613662366430646264633236326234
37623066636338376436303463346661643832616263333530303463356561393330633237323934
38613838626331666231366461366639333565303263663565663032373530636661376132666437
32386164393835666133616633666339363630613266646133636637313833666337316332356561
35626439336565636132346534626637666264373066626562383562333061643834313833663835
32636236306134306339336336646462353366386363333233343162643733363136613736666366
63376339386333663466623438376661313633643938376332653862666639646661323866623731
38316364393364326434663863303135353530396230623839323339393265303432373135656532
35613039343530623538383534313138393234333932393837323833383634373265303836643463
66313135623532363265386532356630356331323261373930663264313736313038313931653361
36353861353132303666303831613965646231643965316334336265323438353535303631316561
34363865373438333464666139343736356162616663363232373533626565393533373432343337
63323263383064326462313464343533646430386330656361333566633833623839643431613263
38346538343435356361333061363631356234343539336265393435393162663130336465316530
39336332613338366463653766386131383164616364653838623466633237353132393630343162
39373839396364306632333732363035353331363439643833626464663836623363386437303134
37616432383430363837336238623834633832303034373230653365623139613566343539393339
38653065316438666363396163323862303463623834626564656165336562383130343434353336
35643339653833373466303532363361613631383062383139633836343034636563633662633661
30303132316533623362663634306634363234396130336563303430323636343433376166343366
34653563393334396330313434303439346530303432666631366161356562313565633636316565
62306161313732633237316662393364656131613637343764323161613639326564396333666638
62633536303737636464333833613432343336333434383433643263386631303736656135386261
65643135333137346336303032373763343134626161336637353065303233633932303238343133
33393532373438353532343939323731356135313538363065376338643365303637393434343639
33323636346537313836326130313764633864306433343930323437336333626634386436636262
64643061663665363161643035383432393863633165613038363063623764613862646338643830
34326661353362666534376637646332643163623936366530306336343031306635346462646136
37356530613737623164643364363835356233353636313762663064306164313565313062636532
39393331373761343263646562306561336139616432333762663263316635646432343630316136
37623564333332313538623633623037363030623930633231303834306666383733386637346564
35343935303435616165653033373662666438326363646130663638376332633436623938333634
32396264373135323735663463326338313034303830323666313563623061336461643430643931
66613035386235353931306637633936313833646563353635666536633733666133383566656162
64313366313332663930633564383234663437613237623339316435306563396532333833303635
37643633303664626431616538383736376333356439656431643734336563336262396539306437
61353461656136653130623537313535326135613337656661383633626634363734303764663663
64613334333939356161633666326663356461333563666130383432373930333033326162636434
34646262373936316437346162343062393632656665663932313739623637363464373561326230
32663865613831393631393735613566616133366136633363643463336363306139633563333331
37373335383733326536323839666639326234363335313361613963623161353065396237333037
65316465393531336131353534323133656239356663333739393835616233613136343036643665
31303333613064663431616334353333303261663533396363373131353031373032363665616332
32623235656431303064666532363633396163393032353461363733346163393638633230656239
38663137653837326330613039623135636334626332313835633266666563636265303361653764
32326263623234626336373861393836613665336465623664623063303932316133346235366238
37623964616464646332643464343164386536386266346230353763396166376165313634396564
66353961613832346230346164326237333437643336613531613031666464396231373866643630
31383431646161393438343433653462353864363062303861643561323662383732336564343136
39643862663633353832326130613165353432626139643332383866396362336362633734623161
62383338353433653664363061623663306636643232616138656564396562346636643438373232
34653735653833336666373034303833323837333138353833313730316434613934393439666162
37376465663662396561393432653432663235383363363333326631316664313037646565613834
38643336613533653737376234616336396532393064643339313061386461393038386430333165
36303837326333393936633735656234646639356462366132356562376139646135356537323234
30353666323939333939323136396537616164386436373065353935323162623730343436383330
31636635626565626435383761666535666535366131636236333666613738376363333031623732
30653638383739303063643133326638643034323632363966353465353766363936616661656233
66613934383961376335363731333264393236313562626362313662306435333733303633343232
36343031383063333666656537666137353566373664363038613333663234386366383137643539
64373635653765353831316439633235323661376664326263326562643732343733336236393332
36633935366439636234333338316430396462383339623836393262343435376238626232366535
64303534613835663137613235346165353732363466383366303930616337316531623636323036
62353466663966343630363264323564663734613030343966313032656235653233363033343437
37616634616134616231633463316661633261323332373236616630663466343966386338306261
61386438326162373964346332656231373339646138376231663935643939643432396239626537
34613634633037653930343630353435393532333433633237303339333662666137363366326135
33643430656330333862663963356131303530363632383530333238616462623161356234363231
30383266623037366364353235316264666561356230373639653133306663613231653331336530
39633361316537356635636464393264656664303733613932323065616630343766663032393830
37323234333234323538386565616161336666633666323831323736366532363033363330643030
37303863626163626331663932386433363262396131353338336633636130346230396438396539
33373033376264376134366362303536336165343834616566366636623233626338373237623865
36646161346261666462306136363536393864346637373864666261636436373835316165646430
65633563303065643532313837646534633531333165363064363736613436343535613936353961
37333131656135333838636334356432356334366364656639613331373437396332623265663534
61363163313162346661616436663064373738316639343334613435323232386335643330376238
39663563363638346438393736373863633766373232356633333362616136313465653962363933
65356564623139303834626237303633626365366334326637356662356538323737653964373666
38663930636636663563316231643265626235356233316166636262353039636239396532656436
66383762316566373530393065613863323132323033653335376664383862633064313439646665
62346534653336303335323566303233323161613266386430663364353861666138653535313761
35393765386531613238663265333235653739316638633465333536383933373833616333623038
30363864613135616635303132313537663262386539353538306666386637303432663065616136
30373237623965353931373164336238633330373866353535333065643062393136376437666232
36333032646431376434306635653538393639633664333736333639323034616566643630646133
36323037366332346435643062656366616538633966363034626164306562646539383831396561
35346634336564326231386336643165646566663235666337356636323430303965356166396262
39653134653534336639623031653064396638393936613035653430393134303663303635653836
61313562626437323633373834646630646630656162623238666339303262656132643537666638
31306133363565396335323462306333396438303431663632336434396437636638616561363238
37613930333630333932356438343665356638313934663235653537656436383238653830323032
63336462323135363133373565306665323036396339393765646331343232613632636661626632
31633233363364393333636262343730303465326634323530303330306265343066303032306662
38376138396435306466303933653330646539376164383837353462633238653462313465646361
34633436373761313737393034303436626532343535346536656266623930333737653130633563
36333062303338336638353864396161663538303166336665333731633464333463383661666364
30316430663765313035643233663232326438373861313433623264363832363038646135663534
36363763666562356137636334343439326436333338643965363737373638326234333963316361
61393233323932363463653661633636316161306563373037343332363338386239663035323834
34346361363031393334343865633735366562356130373139393930323035336136653434383863
31643631376164333562326365343738346563303766336232626465323566613566383931623433
31336538366139303561353636313864633137313865303630396330353933353366303034383635
62333362626662373066623233663366656334636139623033343639373466623633613934646630
31386234303830316330396136363533633132353133336238396430363964373063663131323230
36313738393062376236313861383833373336643333323938373965666239363036303639666333
66303133373632303535363761623230333232663134666231373937333961336565613961633738
33323564643165363862346130366439626531623634346633353938326234313138653762343636
34626431373733383063643637393666313662646532666263636333666137613265623234356632
39653633303038663831313561373263376635303834653036656636323966303433633366386138
36336564303166666338396637306532643530303330313533323437343434656538366434343333
35626536373166653133616538616437353064303632653062663236666563653739656436623636
31303566313735356235323936383962663161666538366436653837393530393038633232653466
62376630663436646137343364656237393036613636313864643639336638333166343134343233
62626566356134346137616631636139303632323938353563646337613664633364326634643438
63326433376432383832316435626633366233383165313932666531353335383864653634303830
39616530346634376237366665333164656262653134383663626664363237653761323833373466
64666530363062613937306139303634393732306334343238666134653039646530343363353732
64353561393930373938353232386637336535656230346337373864363739383865383965366639
30623665663833313164383663363666383565643031353065313963636634363361383031656461
64353066666533363431613965366131633164613163306163353966373037336637626330336332
66663738323039623162656134666235363961313435316232626235333062386336666262643464
65353338613536656265383138353831646131623161343731626337323065616661313261386637
32623366303039356530646362623233373938613635633030653933326661613866616530626530
65633939653862373533613662333864313335626361333761373566343863393531633766376534
35393639343233336464323564613166323536666131373731626431373532646630663438303337
31396135353865643763333634316264656333356632656230646630363730306564336430346661
38623633326563633331346230666138353736636231623631343661386563656430306635386233
62336133653033383864663838353734306538363565636165353161653965393164313834613232
63613333383965653033656261633431323338326665656531613635656162373561376461633163
36663331313630313137643036336662363636643537633736353531326333643232626137303365
62306634613831396339656536303437333932386635653238356430353432343666373135353266
38356133616632343333616637396565646338303930666265623136636432633464636265353933
37323433383337383564646464336264393831653638613066633366373962373933663638663438
37643236306436306531326363623138326237353963313262643365313432303336363934346432
36353438616635373738373039363238366432343039313565393435393838393038623738646133
37613861643236366163613431363466346264393530333336383965643239643737383834396233
62366234653536323538303435306134333063646639353264643461366437343837366535656466
61656530396539343062323433636332623335353835343865303534613163303838666633633739
34646132366661656339326464333961353631393962316539353863316464656537363462636566
34613964393262656535376233386264373833313932663138383566396332633563666663306164
37636432376130353533313838323934313735633931366163393837383133373233313035313238
64616439306638313464346632363231306235396566326338396337666639336465333061633233
38313565383237383232353432336539626433396333613035306136643462393666656439653963
34363131643635343437313061343665653534666166386532313532323032346534656465333235
39623332656566346430386266643661393763633864383265613039313532656562313236353439
64313237393363616664666165656239333966396464623833646264333230666262356333663535
39663838646662626133373031613133396236343461656131363762656162663138303630306531
30626134633436376463663663313061363538356463653464366139663330343337
